// Diagonalizable
-4 -4 8 -4 2 4 8 4 -4
1 0 1 0 1 1 1 1 0
1 2 0 0 3 0 2 -4 2
1 3 7 2 2 7 2 3 6
4 0 0 0 0 4 0 0 1 -4 -4 0 -1 2 0 -4
4 -9 6 12 0 -1 4 6 2 -11 8 16 -1 3 0 -1
0 1 0 0 0 0 1 0 0 0 0 0 0 0 0 1 0 0 0 0 1 0 0 0 0 0 0 0 0 1 0 0 0 0 1 0

// Trigonalizable:
1 -1 1 -1 0 -2 0 -3 2 3 0 3 1 5 -1 6
5 4 2 1 0 1 -1 -1 -1 -1 3 0 1 1 -1 2
1 2 2 1 -4 -1 0 1 -2 2 -3 2 6 2 -5 -3 -1 3 2 -2 -4 -1 4 0 0
1 2 3 4 5 0 1 2 3 4 0 0 1 2 3 0 0 0 1 2 0 0 0 0 1
2 1 0 0 0 0 2 0 0 0 0 0 2 0 0 0 0 0 2 1 0 0 0 0 2
4 -4 9 7 11 1 0 4 4 6 0 0 1 -1 -1 0 0 1 2 0 0 0 0 1 3
25 -16 30 -44 -12 13 -7 18 -26 -6 -18 12 -21 36 12 -9 6 -12 21 6 11 -8 15 -22 -3
2  1  0  0  0  0  -1  1  1  0  0  0  1  0  0  0  0  0  -1  0  2  3  1  0  1  0  -2  -1  1  0  -1  0  2  1  3 4

// Not enough integer roots for a full di-/triagonalization (using this algorithm)
2 1 1 1 -2 1 1 1 0 -1 1 0 2 0 -1 1 0 1 2 -2 1 0 1 0 0
2 1 0 0 0 0 0 0 1 2 1 0 0 0 0 0 0 1 2 1 0 0 0 0 0 0 1 2 1 0 0 0 0 0 0 1 2 1 0 0 0 0 0 0 1 2 1 0 0 0 0 0 0 1 2 1 0 0 0 0 0 0 1 2
